
Record table for 1 digits, range from 1 to 9

 2   1            2
 3   1            3
 5   1            5
 7   1            7

Record table for 2 digits, range from 10 to 99

 1   2           11
 2   1           23
 3   1           13
 4   1           41
 5   1           53
 6   1           61
 7   1           17
 8   1           83
 9   1           19

Record table for 3 digits, range from 100 to 999

 0   1          101
 1   2          101
 2   2          223
 3   2          233
 4   2          443
 5   2          557
 6   2          661
 7   2          277
 8   2          881
 9   2          199

Record table for 4 digits, range from 1000 to 9999

 0   2         1009
 1   3         1117
 2   3         2221
 3   3         2333
 4   3         4441
 5   3         5557
 6   3         6661
 7   3         1777
 8   3         8887
 9   3         1999

Record table for 5 digits, range from 10000 to 99999

 0   3        10007
 1   4        10111
 2   4        22229
 3   4        23333
 4   4        44449
 5   3        15551
 6   3        16661
 7   4        47777
 8   4        88883
 9   4        49999

Record table for 6 digits, range from 100000 to 999999

 0   4       100003
 1   5       101111
 2   4       212227
 3   5       313333
 4   5       444443
 5   5       555557
 6   5       666667
 7   5       727777
 8   5       888887
 9   5       199999

Record table for 7 digits, range from 1000000 to 9999999

 0   5      1000003
 1   6      1111151
 2   5      1222229
 3   6      3233333
 4   5      1444441
 5   5      1555553
 6   5      2666663
 7   6      7477777
 8   5      2888887
 9   6      2999999

Record table for 8 digits, range from 10000000 to 99999999

 0   6     20000003
 1   7     11110111
 2   7     22222223
 3   7     31333333
 4   6     24444443
 5   7     55555553
 6   7     66666667
 7   7     77767777
 8   7     88888883
 9   7     19999999

Record table for 9 digits, range from 100000000 to 999999999

 0   7    100000007
 1   8    101111111
 2   8    222222227
 3   8    333233333
 4   8    444444443
 5   7    355555553
 6   8    666666667
 7   8    577777777
 8   8    888888883
 9   8    799999999

Record table for 10 digits, range from 1000000000 to 9999999999

 0   8   1000000007
 1   9   1111111121
 2   8   1222222223
 3   9   3233333333
 4   9   4444444447
 5   9   5555555557
 6   9   6666666661
 7   9   1777777777
 8   8   8488888883
 9   9   9199999999
