
Record table for 1 digits, range from 1 to 9

 1   1          1                  1
 4   1          2                  4
 9   1          3                  9

Record table for 2 digits, range from 10 to 99

 1   1          4                 16
 2   1          5                 25
 3   1          6                 36
 4   1          7                 49
 5   1          5                 25
 6   1          4                 16
 8   1          9                 81
 9   1          7                 49

Record table for 3 digits, range from 100 to 999

 0   2         10                100
 1   2         11                121
 2   2         15                225
 3   1         18                324
 4   2         12                144
 5   1         15                225
 6   2         26                676
 7   1         24                576
 8   1         17                289
 9   1         13                169

Record table for 4 digits, range from 1000 to 9999

 0   2         40               1600
 1   2         34               1156
 2   2         35               1225
 3   2         56               3136
 4   3         38               1444
 5   2         75               5625
 6   2         81               6561
 7   2         76               5776
 8   2         83               6889
 9   2         63               3969

Record table for 5 digits, range from 10000 to 99999

 0   4        100              10000
 1   3        109              11881
 2   3        149              22201
 3   2        156              24336
 4   4        212              44944
 5   3        235              55225
 6   3        216              46656
 7   2        266              70756
 8   3        298              88804
 9   3        173              29929

Record table for 6 digits, range from 100000 to 999999

 0   4        400             160000
 1   3        318             101124
 2   3        335             112225
 3   3        586             343396
 4   4        738             544644
 5   4        745             555025
 6   3        408             166464
 7   3        424             179776
 8   3        359             128881
 9   3        437             190969

Record table for 7 digits, range from 1000000 to 9999999

 0   6       1000            1000000
 1   4       1054            1110916
 2   4       1415            2002225
 3   4       1156            1336336
 4   5       2538            6441444
 5   4       2357            5555449
 6   4       1291            1666681
 7   3       1076            1157776
 8   4       1378            1898884
 9   4       1414            1999396

Record table for 8 digits, range from 10000000 to 99999999

 0   6       4000           16000000
 1   5       3381           11431161
 2   5       4585           21022225
 3   4       3624           13133376
 4   6       6888           47444544
 5   4       3944           15555136
 6   5       5164           26666896
 7   5       8819           77774761
 8   5       8878           78818884
 9   4       3464           11999296

Record table for 9 digits, range from 100000000 to 999999999

 0   8      10000          100000000
 1   6      10541          111112681
 2   6      14585          212722225
 3   5      11547          133333209
 4   6      20602          424442404
 5   6      22925          525555625
 6   5      12716          161696656
 7   5      24037          577777369
 8   6      29641          878588881
 9   5      17313          299739969

Record table for 10 digits, range from 1000000000 to 9999999999

 0   8      40000         1600000000
 1   6      33183         1101111489
 2   6      35415         1254222225
 3   6      57735         3333330225
 4   7      66592         4434494464
 5   6      67495         4555575025
 6   6      68313         4666665969
 7   6      88924         7907477776
 8   6      61878         3828886884
 9   6      53937         2909199969

Record table for 11 digits, range from 10000000000 to 99999999999

 0  10     100000        10000000000
 1   7     105414        11112111396
 2   7     105935        11222224225
 3   6     123844        15337336336
 4   8     210771        44424414441
 5   7     235065        55255554225
 6   7     163284        26661664656
 7   7     278874        77770707876
 8   7     298141        88888055881
 9   7     138923        19299599929

Record table for 12 digits, range from 100000000000 to 999999999999

 0  10     400000       160000000000
 1   8     414139       171511111321
 2   8     364585       132922222225
 3   7     559769       313341333361
 4   8     666592       444344894464
 5   8     505525       255555525625
 6   8     785294       616686666436
 7   7     421637       177777759769
 8   8     623609       388888184881
 9   8     953937       909995799969

Record table for 13 digits, range from 1000000000000 to 9999999999999

 0  12    1000000      1000000000000
 1   9    1055041      1113111511681
 2   8    1101011      1212225222121
 3   8    1197219      1433333333961
 4   9    2059962      4243443441444
 5   9    2356384      5552545555456
 6   8    1080216      1166866606656
 7   8    2116076      4477777637776
 8   8    1699702      2888986888804
 9   9    3082207      9499999990849

Record table for 14 digits, range from 10000000000000 to 99999999999999

 0  12    4000000     16000000000000
 1   9    3324321     11051110111041
 2  10    4714045     22222220262025
 3   9    6582806     43333334833636
 4  10    6696592     44844344414464
 5   9    7426675     55155501555625
 6   9    3559026     12666666068676
 7   9    8819154     77777477275716
 8   9    9321378     86888087818884
 9   9    7071063     49999931949969

Record table for 15 digits, range from 100000000000000 to 999999999999999

 0  14   10000000    100000000000000
 1  10   10252371    105111111121641
 2  10   10964585    120222124222225
 3   9   17701354    313337933433316
 4  11   21081538    444431244445444
 5  10   23569166    555505585935556
 6  10   26393686    696626660666596
 7   9   13083569    171179777777761
 8  10   28072917    788088668888889
 9  10   31622764    999999202999696

Record table for 16 digits, range from 1000000000000000 to 9999999999999999

 0  14   40000000   1600000000000000
 1  11   78173596   6111111111571216
 2  11   34964585   1222522204222225
 3  10   36514844   1333333832344336
 4  11   68881888   4744714494444544
 5  10   39479812   1558655555555344
 6  10   60536492   3664666863666064
 7  10   61463576   3777771174707776
 8  11   94121667   8858888198858889
 9  11   99849687   9969959993997969

Record table for 17 digits, range from 10000000000000000 to 99999999999999999

 0  16  100000000  10000000000000000
 1  11  100706761  10141851711111121
 2  12  149305935  22292262226224225
 3  10  115470056  13333333832643136
 4  12  209868112  44044624434444544
 5  11  227069495  51560555559555025
 6  12  254296413  64666665664666569
 7  11  277450424  76978737777779776
 8  11  169967317  28888888848178489
 9  12  301579177  90949999999997329

Record table for 18 digits, range from 100000000000000000 to 999999999999999999

 0  16  400000000 160000000000000000
 1  12  334082481 111611104111115361
 2  12  453014585 205222214222722225
 3  11  350903624 123133353336333376
 4  13  664488107 441544444344443449
 5  12  674919666 455516555553551556
 6  13  816435342 666566667666656964
 7  12  526087234 276767777777770756
 8  12  329877083 108818889888588889
 9  12  989949453 979999919494999209
