All solutions with hypotenuse <= 1000000000

         144         192         240             576                     13824
         150         360         390             900                     27000
        9216       12288       15360           36864                  56623104
        9600       23040       24960           57600                 110592000
       12960       57600       59040          129600                 373248000
      113400      119070      164430          396900                6751269000
      104976      139968      174960          419904                7346640384
       20808      176256      177480          374544                1833767424
      103680      194400      220320          518400               10077696000
      109350      262440      284310          656100               14348907000
      113256      301158      321750          736164               17053975224
      127008      435456      453600         1016064               27653197824
       37026      610368      611490         1258884               11299742784
      158400      784080      799920         1742400               62099136000
      589824      786432      983040         2359296              231928233984
      191646     1238328     1253070         2683044              118660303944
      345744     1361367     1404585         3111696              235342236024
      208568     1504926     1519310         3232804              156939702984
      614400     1474560     1597440         3686400              452984832000
      259920     2462400     2476080         5198400              320013504000
     2250000     3000000     3750000         9000000             3375000000000
      829440     3686400     3778560         8294400             1528823808000
      540225     4033680     4069695         8643600             1089547389000
     2205000     3543750     4173750         9922500             3906984375000
      363776     5086368     5099360        10549504              925149302784
     2343750     5625000     6093750        14062500             6591796875000
     2520000     7350000     7770000        17640000             9261000000000
      468198     8655336     8667990        17791524             2026205502264
     7257600     7620480    10523520        25401600            27653197824000
     6981824     8082882    10680770        25745476            28216629768384
     6885000     8323200    10801800        26010000            28652616000000
     6718464     8957952    11197440        26873856            30091839012864
     1331712    11280384    11358720        23970816             7511111368704
     6619392     9738144    11774880        28132416            32230296244224
     6586272    11176704    12972960        30735936            36806406303744
     6635520    12441600    14100480        33177600            41278242816000
     6742400    13978440    15519560        36240400            47124116928000
     6808050    14760000    16254450        37822500            50243409000000
     6998400    16796160    18195840        41990400            58773123072000
      677600    18627840    18640160        37945600             6311112192000
     3630000    19800000    20130000        43560000            35937000000000
     7248384    19274112    20592000        47114496            69853082517504
     7719624    23836032    25054920        56610576            92002602345984
    16941456    22588608    28235760        67765824           191341954266624
     4228200    28383750    28696950        61308900            60006085875000
     8128512    27869184    29030400        65028096           113267498287104
     8610560    32810400    33921440        75342400           141257958912000
     2369664    39063552    39135360        80568576            46283746443264
    17114328    36605646    40408830        94128804           313240516147944
    26730000    30628125    40651875        98010000           409344890625000
     9447840    41990400    43040160        94478400           198359290368000
    17647350    42353640    45883110       105884100           373714754427000
    10137600    50181120    51194880       111513600           254358061056000
    25666875    52650000    58573125       136890000           675680484375000
    37748736    50331648    62914560       150994944           949978046398464
     6063750    63525000    63813750       133402500           192599859375000
    11311650    65499840    66469410       143280900           370455632568000
     1306910    71220600    71232590       143760100            46539457173000
    12265344    79252992    80196480       171714816           486032604954624
    27915408    76097375    81056033       185068816          1062144635427000
    22127616    87127488    89893440       199148544           963961798754304
     7300800    94770000    95050800       197121600           345948408000000
    29600000    92407500    97032500       219040000          1367631000000000
    13348352    96315264    97235840       206899456           642825023422464
    39321600    94371840   102236160       235929600          1855425871872000
    82668600    86802030   119869470       289340100          3587901148629000
    76527504   102036672   127545840       306110016          3904305912313344
    15169032   128490624   129382920       273042576           974539193577984
     4461600   144967680   145036320       294465600           323393900544000
    16634880   157593600   158469120       332697600          1310775312384000
    75582720   141717600   160613280       377913600          5355700839936000
    39361977   199994000   203830727       443186704          3936079614069000
    79716150   191318760   207261990       478296900          7625597484987000
   153307200   166511250   226338450       546156900         12763686753000000
   152100000   168480000   226980000       547560000         12812904000000000
    82563624   219544182   234555750       536663556          9063181647017784
   144000000   192000000   240000000       576000000         13824000000000000
    53084160   235929600   241827840       530841600          6262062317568000
    43512500   254880000   258567500       556960000          5545233000000000
    34574400   258155520   260460480       553190400          4462786105344000
    21060000   262828800   263671200       547560000          2767587264000000
   141120000   226800000   267120000       635040000         16003008000000000
   205760898   222659136   303174270       731594304         22907271885632064
   142876800   277365000   312001800       732243600         19814511816000000
   143325000   283920000   318045000       745290000         20346417000000000
    23281664   325527552   326359040       675168256          3789411544203264
    92588832   317447424   330674400       740710656         14696043104784384
    13525200   344760000   345025200       703310400          2331473976000000
   189078750   311169600   364111650       864360000         29417779503000000
   150000000   360000000   390000000       900000000         27000000000000000
   255104784   340139712   425174640      1020419136         43385633879791104
    55080000   438918750   442361250       936360000         12087822375000000
    26991954   444958272   445776210       917726436          6005146604871744
   161280000   470400000   497280000      1128960000         37933056000000000
    16645128   528351750   528613878      1073610756          4397241253887000
    29964672   553941504   554751360      1138657536          8299337737273344
     8653320   558105600   558172680      1124931600          2414733175296000
   115473600   571594320   583141680      1270209600         33002026934976000
   177619200   631620000   656119200      1465358400         56093919552000000
   464486400   487710720   673505280      1625702400        113267498287104000
   179681250   652680000   676961250      1509322500         58637179125000000
   446836736   517304448   683569280      1647710464        115575315531300864
    54038376   687929718   690048870      1432016964         18587302381428984
   265734150   637761960   690908790      1594404900         84737566171467000
   440640000   532684800   691315200      1664640000        117361115136000000
   429981696   573308928   716636160      1719926784        123256172596690944
    85229568   721944576   726958080      1534132224         30765512166211584
   423641088   623241216   753592320      1800474624        132015293416341504
   422132256   648747008   773995040      1844874304        136928519030145024
   421521408   715309056   830269440      1967099904        150759040220135424
    60577230   877325400   879414270      1817316900         26572971270321000
   199764288   868877250   891545538      1960187076         86785322602824000
   424673280   796262400   902430720      2123366400        169075682574336000
   139709934   902741112   913488030      1955939076         63060950588303304
   202500000   900000000   922500000      2025000000         91125000000000000
    38896200   952560000   953353800      1944810000         18525482136000000
   296919480   942148350   987828270      2226896100        139871099082429000
   431513600   894620160   993251840      2319385600        193020382937088000
